1381
6751
57111
4222
6441
441581
3229
340596
1746
7060
105
89765
100419743
57524
1028
