107984498
4057
105180390
112268155
4585
105180391
306
728643
28824
641776
94025
645843
113218482
112268252
11148
102723849
94059
