7681
166979
4544
9312
5865
6345
1047
1748
107985436
101927686
